data\capture-0004.mp4_1.jpg 1907,1940,1907,1940,1 2388,555,2388,555,1
data\capture-0004.mp4_2.jpg 1907,1940,1907,1940,1
data\capture-0044.mp4_1.jpg 1171,1987,1171,1987,1 771,1396,771,1396,1 1255,1171,1255,1171,1 1268,849,1268,849,1 431,819,431,819,1 1038,810,1038,810,1 0,734,0,734,1 803,656,803,656,1
data\capture-0044.mp4_2.jpg 1171,1991,1171,1991,1 772,1396,772,1396,1 1255,1171,1255,1171,1 1265,850,1265,850,1 525,813,525,813,1 1036,811,1036,811,1 0,735,0,735,1 801,655,801,655,1
data\capture-0044.mp4_3.jpg 1172,1996,1172,1996,1 770,1397,770,1397,1 1254,1172,1254,1172,1 1138,849,1138,849,1 1035,814,1035,814,1 528,802,528,802,1 0,736,0,736,1 794,655,794,655,1
data\capture-0044.mp4_4.jpg 1170,2002,1170,2002,1 771,1397,771,1397,1 1253,1170,1253,1170,1 1136,848,1136,848,1 1034,815,1034,815,1 526,794,526,794,1 0,737,0,737,1 794,654,794,654,1
data\capture-0044.mp4_5.jpg 1169,2008,1169,2008,1 768,1398,768,1398,1 1253,1170,1253,1170,1 1137,846,1137,846,1 1035,816,1035,816,1 522,787,522,787,1 0,737,0,737,1 790,654,790,654,1
data\capture-0044.mp4_6.jpg 1173,2011,1173,2011,1 766,1399,766,1399,1 1253,1170,1253,1170,1 1135,845,1135,845,1 1034,818,1034,818,1 523,779,523,779,1 0,737,0,737,1 798,653,798,653,1
data\capture-0044.mp4_7.jpg 1170,2011,1170,2011,1 768,1399,768,1399,1 1253,1171,1253,1171,1 1136,843,1136,843,1 1035,819,1035,819,1 525,773,525,773,1 0,738,0,738,1 795,653,795,653,1
data\capture-0044.mp4_8.jpg 1176,2009,1176,2009,1 764,1400,764,1400,1 1384,1377,1384,1377,1 1251,1169,1251,1169,1 1139,841,1139,841,1 1036,819,1036,819,1 524,769,524,769,1 0,739,0,739,1 780,653,780,653,1
data\capture-0044.mp4_9.jpg 1175,2013,1175,2013,1 765,1400,765,1400,1 1251,1168,1251,1168,1 1136,841,1136,841,1 1037,819,1037,819,1 526,764,526,764,1 0,741,0,741,1 798,652,798,652,1
data\capture-0044.mp4_10.jpg 1176,2016,1176,2016,1 762,1401,762,1401,1 1382,1376,1382,1376,1 1250,1170,1250,1170,1 1136,840,1136,840,1 1040,819,1040,819,1 528,761,528,761,1 0,742,0,742,1 790,652,790,652,1
data\capture-0044.mp4_11.jpg 1180,2019,1180,2019,1 763,1401,763,1401,1 1250,1171,1250,1171,1 1136,840,1136,840,1 1041,819,1041,819,1 531,759,531,759,1 0,743,0,743,1 777,652,777,652,1
data\capture-0044.mp4_12.jpg 1179,2023,1179,2023,1 763,1401,763,1401,1 1249,1173,1249,1173,1 1136,839,1136,839,1 1051,818,1051,818,1 534,758,534,758,1 0,744,0,744,1 762,652,762,652,1
data\capture-0044.mp4_13.jpg 1185,2027,1185,2027,1 763,1401,763,1401,1 1248,1173,1248,1173,1 1137,839,1137,839,1 1053,818,1053,818,1 538,757,538,757,1 0,745,0,745,1 761,652,761,652,1
data\capture-0044.mp4_14.jpg 1180,2032,1180,2032,1 759,1402,759,1402,1 1383,1376,1383,1376,1 1257,1172,1257,1172,1 1138,839,1138,839,1 1054,818,1054,818,1 535,758,535,758,1 0,746,0,746,1 769,651,769,651,1
data\capture-0044.mp4_15.jpg 1182,2032,1182,2032,1 763,1402,763,1402,1 1246,1172,1246,1172,1 1137,839,1137,839,1 1048,820,1048,820,1 534,760,534,760,1 0,747,0,747,1 767,651,767,651,1
data\capture-0044.mp4_16.jpg 1187,2033,1187,2033,1 760,1403,760,1403,1 1246,1171,1246,1171,1 1136,839,1136,839,1 1049,820,1049,820,1 535,762,535,762,1 0,747,0,747,1 775,650,775,650,1
data\capture-0044.mp4_17.jpg 1192,2034,1192,2034,1 760,1403,760,1403,1 1246,1169,1246,1169,1 1134,839,1134,839,1 1051,821,1051,821,1 542,764,542,764,1 0,746,0,746,1 769,650,769,650,1
data\capture-0044.mp4_18.jpg 759,1403,759,1403,1 1382,1376,1382,1376,1 1247,1169,1247,1169,1 1133,839,1133,839,1 1053,823,1053,823,1 532,767,532,767,1 0,744,0,744,1 766,650,766,650,1
data\capture-0044.mp4_19.jpg 759,1403,759,1403,1 1248,1170,1248,1170,1 1135,839,1135,839,1 1053,824,1053,824,1 526,768,526,768,1 0,743,0,743,1 772,649,772,649,1
data\capture-0044.mp4_20.jpg 763,1403,763,1403,1 1382,1377,1382,1377,1 1252,1166,1252,1166,1 1137,838,1137,838,1 1054,825,1054,825,1 525,769,525,769,1 0,743,0,743,1 768,649,768,649,1
data\capture-0044.mp4_21.jpg 755,1404,755,1404,1 1253,1165,1253,1165,1 1137,838,1137,838,1 1054,827,1054,827,1 521,770,521,770,1 0,742,0,742,1 767,649,767,649,1
data\capture-0044.mp4_22.jpg 755,1404,755,1404,1 1256,1164,1256,1164,1 1137,838,1137,838,1 1053,829,1053,829,1 520,770,520,770,1 0,738,0,738,1 766,649,766,649,1
data\capture-0044.mp4_23.jpg 751,1404,751,1404,1 1383,1378,1383,1378,1 1257,1163,1257,1163,1 1135,838,1135,838,1 1053,833,1053,833,1 517,771,517,771,1 0,734,0,734,1 766,649,766,649,1
data\capture-0044.mp4_24.jpg 755,1404,755,1404,1 1382,1378,1382,1378,1 1259,1163,1259,1163,1 1135,838,1135,838,1 1052,834,1052,834,1 516,772,516,772,1 0,731,0,731,1 766,649,766,649,1
data\capture-0044.mp4_25.jpg 755,1404,755,1404,1 1381,1380,1381,1380,1 1259,1163,1259,1163,1 1135,838,1135,838,1 1052,837,1052,837,1 514,773,514,773,1 0,731,0,731,1 766,649,766,649,1
data\capture-0044.mp4_26.jpg 757,1404,757,1404,1 1382,1380,1382,1380,1 1259,1165,1259,1165,1 1135,838,1135,838,1 1051,838,1051,838,1 504,775,504,775,1 0,730,0,730,1 766,649,766,649,1
data\capture-0044.mp4_27.jpg 757,1404,757,1404,1 1382,1379,1382,1379,1 1260,1164,1260,1164,1 1051,841,1051,841,1 1135,838,1135,838,1 499,777,499,777,1 0,731,0,731,1 765,650,765,650,1
data\capture-0044.mp4_28.jpg 760,1404,760,1404,1 1382,1380,1382,1380,1 1261,1165,1261,1165,1 1051,841,1051,841,1 1135,838,1135,838,1 612,775,612,775,1 0,731,0,731,1 766,650,766,650,1
data\capture-0044.mp4_29.jpg 748,1405,748,1405,1 1262,1165,1262,1165,1 1052,843,1052,843,1 1135,838,1135,838,1 613,767,613,767,1 0,729,0,729,1 767,651,767,651,1
data\capture-0044.mp4_30.jpg 749,1405,749,1405,1 1380,1381,1380,1381,1 1256,1165,1256,1165,1 1052,844,1052,844,1 1135,838,1135,838,1 616,762,616,762,1 0,726,0,726,1 763,652,763,652,1
data\capture-0044.mp4_31.jpg 750,1405,750,1405,1 1265,1163,1265,1163,1 1062,844,1062,844,1 1135,838,1135,838,1 612,753,612,753,1 0,724,0,724,1 765,652,765,652,1
data\capture-0044.mp4_32.jpg 750,1405,750,1405,1 1263,1160,1263,1160,1 1064,843,1064,843,1 1137,838,1137,838,1 613,747,613,747,1 0,722,0,722,1 767,653,767,653,1
data\capture-0044.mp4_33.jpg 750,1405,750,1405,1 1263,1160,1263,1160,1 1066,842,1066,842,1 1137,838,1137,838,1 608,738,608,738,1 0,724,0,724,1 765,654,765,654,1
data\capture-0044.mp4_34.jpg 750,1405,750,1405,1 1263,1160,1263,1160,1 1068,841,1068,841,1 1137,838,1137,838,1 604,732,604,732,1 0,729,0,729,1 766,654,766,654,1
data\capture-0044.mp4_35.jpg 750,1405,750,1405,1 1263,1160,1263,1160,1 1066,841,1066,841,1 1144,837,1144,837,1 0,744,0,744,1 602,726,602,726,1 768,655,768,655,1
data\capture-0044.mp4_36.jpg 750,1405,750,1405,1 1263,1159,1263,1159,1 0,753,0,753,1 608,720,608,720,1 769,656,769,656,1
data\capture-0044.mp4_37.jpg 751,1405,751,1405,1 1263,1159,1263,1159,1 0,761,0,761,1 610,716,610,716,1 769,657,769,657,1
data\capture-0044.mp4_38.jpg 752,1405,752,1405,1 1262,1160,1262,1160,1 0,761,0,761,1 619,716,619,716,1 770,657,770,657,1
data\capture-0044.mp4_39.jpg 754,1405,754,1405,1 1262,1160,1262,1160,1 0,762,0,762,1 620,720,620,720,1 772,658,772,658,1
data\capture-0044.mp4_40.jpg 749,1406,749,1406,1 1262,1160,1262,1160,1 0,763,0,763,1 620,725,620,725,1 764,659,764,659,1
data\capture-0044.mp4_41.jpg 751,1406,751,1406,1 1261,1161,1261,1161,1 11,763,11,763,1 621,729,621,729,1 766,660,766,660,1
data\capture-0044.mp4_42.jpg 751,1406,751,1406,1 1261,1162,1261,1162,1 24,761,24,761,1 618,733,618,733,1 767,660,767,660,1
data\capture-0044.mp4_43.jpg 752,1406,752,1406,1 1262,1162,1262,1162,1 33,759,33,759,1 612,736,612,736,1 766,660,766,660,1
data\capture-0044.mp4_44.jpg 752,1406,752,1406,1 1267,1161,1267,1161,1 32,757,32,757,1 613,737,613,737,1 765,661,765,661,1
data\capture-0044.mp4_45.jpg 748,1407,748,1407,1 1268,1160,1268,1160,1 32,755,32,755,1 607,738,607,738,1 765,662,765,662,1
data\capture-0044.mp4_46.jpg 749,1407,749,1407,1 1263,1160,1263,1160,1 27,753,27,753,1 603,738,603,738,1 894,662,894,662,1
data\capture-0044.mp4_47.jpg 745,1409,745,1409,1 1263,1160,1263,1160,1 26,751,26,751,1 598,738,598,738,1 894,662,894,662,1
data\capture-0044.mp4_48.jpg 746,1409,746,1409,1 1263,1159,1263,1159,1 26,749,26,749,1 598,737,598,737,1 892,662,892,662,1
data\capture-0044.mp4_49.jpg 741,1411,741,1411,1 1262,1158,1262,1158,1 26,749,26,749,1 596,737,596,737,1 886,662,886,662,1
data\capture-0044.mp4_50.jpg 743,1411,743,1411,1 1263,1157,1263,1157,1 36,750,36,750,1 592,737,592,737,1 885,662,885,662,1
data\capture-0044.mp4_51.jpg 735,1413,735,1413,1 1260,1158,1260,1158,1 40,753,40,753,1 595,737,595,737,1 883,662,883,662,1
data\capture-0044.mp4_52.jpg 741,1413,741,1413,1 1258,1158,1258,1158,1 35,757,35,757,1 586,738,586,738,1 880,662,880,662,1
data\capture-0044.mp4_53.jpg 732,1415,732,1415,1 1257,1157,1257,1157,1 37,760,37,760,1 586,738,586,738,1 871,663,871,663,1
data\capture-0044.mp4_54.jpg 718,1416,718,1416,1 1257,1157,1257,1157,1 40,762,40,762,1 588,738,588,738,1 870,663,870,663,1
data\capture-0044.mp4_55.jpg 723,1416,723,1416,1 1257,1157,1257,1157,1 40,764,40,764,1 589,739,589,739,1 860,664,860,664,1
data\capture-0044.mp4_56.jpg 723,1416,723,1416,1 1256,1156,1256,1156,1 46,765,46,765,1 583,741,583,741,1 859,664,859,664,1
data\capture-0044.mp4_57.jpg 716,1416,716,1416,1 1256,1157,1256,1157,1 39,767,39,767,1 586,741,586,741,1 859,664,859,664,1
data\capture-0044.mp4_58.jpg 700,1416,700,1416,1 1256,1156,1256,1156,1 46,767,46,767,1 582,742,582,742,1 845,665,845,665,1
data\capture-0044.mp4_59.jpg 696,1416,696,1416,1 1256,1158,1256,1158,1 40,769,40,769,1 572,744,572,744,1 842,665,842,665,1
data\capture-0044.mp4_60.jpg 693,1416,693,1416,1 1261,1158,1261,1158,1 46,770,46,770,1 571,745,571,745,1 841,665,841,665,1
data\capture-0044.mp4_61.jpg 690,1416,690,1416,1 1256,1159,1256,1159,1 47,771,47,771,1 569,746,569,746,1 838,665,838,665,1
data\capture-0044.mp4_62.jpg 689,1416,689,1416,1 1261,1159,1261,1159,1 48,772,48,772,1 562,748,562,748,1 834,665,834,665,1
data\capture-0044.mp4_63.jpg 700,1415,700,1415,1 1261,1159,1261,1159,1 44,773,44,773,1 561,749,561,749,1 830,665,830,665,1
data\capture-0044.mp4_64.jpg 696,1415,696,1415,1 1261,1159,1261,1159,1 45,774,45,774,1 563,750,563,750,1 826,665,826,665,1
data\capture-0044.mp4_65.jpg 696,1415,696,1415,1 1262,1157,1262,1157,1 47,775,47,775,1 561,752,561,752,1 812,666,812,666,1
data\capture-0044.mp4_66.jpg 695,1415,695,1415,1 1262,1157,1262,1157,1 50,775,50,775,1 557,755,557,755,1 809,666,809,666,1
data\capture-0044.mp4_67.jpg 694,1415,694,1415,1 1262,1158,1262,1158,1 52,776,52,776,1 551,758,551,758,1 810,666,810,666,1
data\capture-0044.mp4_68.jpg 694,1415,694,1415,1 1257,1158,1257,1158,1 56,776,56,776,1 548,760,548,760,1 808,667,808,667,1
data\capture-0044.mp4_69.jpg 694,1415,694,1415,1 1260,1159,1260,1159,1 55,777,55,777,1 544,762,544,762,1 812,667,812,667,1
data\capture-0044.mp4_70.jpg 694,1415,694,1415,1 1260,1159,1260,1159,1 60,777,60,777,1 542,763,542,763,1 808,668,808,668,1
data\capture-0044.mp4_71.jpg 694,1415,694,1415,1 1260,1159,1260,1159,1 58,778,58,778,1 537,764,537,764,1 810,668,810,668,1
data\capture-0044.mp4_72.jpg 695,1415,695,1415,1 1260,1159,1260,1159,1 56,779,56,779,1 537,764,537,764,1 941,667,941,667,1
data\capture-0044.mp4_73.jpg 696,1415,696,1415,1 1256,1160,1256,1160,1 66,778,66,778,1 533,764,533,764,1 935,667,935,667,1
data\capture-0044.mp4_74.jpg 696,1415,696,1415,1 1260,1160,1260,1160,1 63,779,63,779,1 669,763,669,763,1 931,666,931,666,1
data\capture-0044.mp4_75.jpg 697,1415,697,1415,1 1260,1161,1260,1161,1 71,779,71,779,1 529,763,529,763,1 928,665,928,665,1
data\capture-0044.mp4_76.jpg 698,1415,698,1415,1 1260,1162,1260,1162,1 67,780,67,780,1 534,763,534,763,1 926,665,926,665,1
data\capture-0044.mp4_77.jpg 700,1415,700,1415,1 1256,1163,1256,1163,1 74,780,74,780,1 522,763,522,763,1 926,664,926,664,1
data\capture-0044.mp4_78.jpg 700,1415,700,1415,1 1260,1163,1260,1163,1 72,781,72,781,1 524,763,524,763,1 918,665,918,665,1
data\capture-0044.mp4_79.jpg 700,1415,700,1415,1 1256,1165,1256,1165,1 76,781,76,781,1 527,763,527,763,1 916,665,916,665,1
data\capture-0044.mp4_80.jpg 700,1415,700,1415,1 1255,1163,1255,1163,1 71,782,71,782,1 650,763,650,763,1 916,665,916,665,1
data\capture-0044.mp4_81.jpg 700,1415,700,1415,1 1255,1167,1255,1167,1 76,782,76,782,1 638,764,638,764,1 903,666,903,666,1
data\capture-0044.mp4_82.jpg 700,1415,700,1415,1 1255,1167,1255,1167,1 74,784,74,784,1 639,763,639,763,1 910,665,910,665,1
data\capture-0044.mp4_83.jpg 700,1415,700,1415,1 1255,1168,1255,1168,1 76,785,76,785,1 628,763,628,763,1 891,666,891,666,1
data\capture-0044.mp4_84.jpg 701,1415,701,1415,1 1255,1167,1255,1167,1 79,786,79,786,1 623,763,623,763,1 878,666,878,666,1
data\capture-0044.mp4_85.jpg 1975,1870,1975,1870,1 703,1415,703,1415,1 1255,1168,1255,1168,1 86,786,86,786,1 621,763,621,763,1 890,665,890,665,1
data\capture-0044.mp4_86.jpg 1977,1869,1977,1869,1 703,1415,703,1415,1 1256,1169,1256,1169,1 85,787,85,787,1 629,762,629,762,1 877,665,877,665,1
data\capture-0044.mp4_87.jpg 1974,1867,1974,1867,1 703,1415,703,1415,1 1256,1167,1256,1167,1 84,788,84,788,1 626,762,626,762,1 868,665,868,665,1
data\capture-0044.mp4_88.jpg 1974,1867,1974,1867,1 702,1415,702,1415,1 1256,1168,1256,1168,1 87,788,87,788,1 613,763,613,763,1 876,664,876,664,1
data\capture-0044.mp4_89.jpg 1973,1866,1973,1866,1 702,1415,702,1415,1 1254,1168,1254,1168,1 96,787,96,787,1 605,764,605,764,1 873,664,873,664,1
data\capture-0044.mp4_90.jpg 1972,1865,1972,1865,1 696,1416,696,1416,1 1253,1169,1253,1169,1 94,787,94,787,1 602,765,602,765,1 858,664,858,664,1
data\capture-0044.mp4_91.jpg 696,1416,696,1416,1 1253,1170,1253,1170,1 96,786,96,786,1 600,765,600,765,1 859,663,859,663,1
data\capture-0044.mp4_92.jpg 696,1416,696,1416,1 1252,1171,1252,1171,1 99,785,99,785,1 599,765,599,765,1 855,663,855,663,1
data\capture-0044.mp4_93.jpg 697,1416,697,1416,1 1251,1172,1251,1172,1 100,784,100,784,1 593,765,593,765,1 855,662,855,662,1
data\capture-0044.mp4_94.jpg 704,1415,704,1415,1 1251,1172,1251,1172,1 108,783,108,783,1 592,765,592,765,1 850,662,850,662,1
data\capture-0044.mp4_95.jpg 704,1415,704,1415,1 1251,1172,1251,1172,1 108,783,108,783,1 590,765,590,765,1 848,662,848,662,1
data\capture-0044.mp4_96.jpg 704,1415,704,1415,1 1250,1173,1250,1173,1 105,784,105,784,1 587,765,587,765,1 849,662,849,662,1
data\capture-0044.mp4_97.jpg 705,1415,705,1415,1 1250,1173,1250,1173,1 113,783,113,783,1 584,765,584,765,1 850,662,850,662,1
data\capture-0044.mp4_98.jpg 703,1415,703,1415,1 1249,1174,1249,1174,1 114,783,114,783,1 589,764,589,764,1 853,662,853,662,1
data\capture-0044.mp4_99.jpg 703,1415,703,1415,1 1249,1174,1249,1174,1 125,782,125,782,1 587,763,587,763,1 846,663,846,663,1
data\capture-0044.mp4_100.jpg 700,1415,700,1415,1 1260,1173,1260,1173,1 127,782,127,782,1 586,763,586,763,1 848,663,848,663,1
data\capture-0044.mp4_101.jpg 700,1415,700,1415,1 1261,1173,1261,1173,1 128,782,128,782,1 588,763,588,763,1 844,664,844,664,1
data\capture-0044.mp4_102.jpg 706,1414,706,1414,1 1261,1173,1261,1173,1 132,781,132,781,1 590,764,590,764,1 848,664,848,664,1
data\capture-0044.mp4_103.jpg 706,1414,706,1414,1 1261,1173,1261,1173,1 131,781,131,781,1 591,765,591,765,1 850,665,850,665,1
data\capture-0044.mp4_104.jpg 705,1414,705,1414,1 1261,1173,1261,1173,1 136,780,136,780,1 593,765,593,765,1 850,666,850,666,1
data\capture-0044.mp4_105.jpg 705,1414,705,1414,1 1253,1172,1253,1172,1 134,780,134,780,1 595,766,595,766,1 853,667,853,667,1
data\capture-0044.mp4_106.jpg 705,1414,705,1414,1 1257,1173,1257,1173,1 137,780,137,780,1 601,769,601,769,1 853,668,853,668,1
data\capture-0044.mp4_107.jpg 705,1414,705,1414,1 1258,1174,1258,1174,1 138,781,138,781,1 603,770,603,770,1 850,669,850,669,1
data\capture-0044.mp4_108.jpg 705,1414,705,1414,1 1256,1174,1256,1174,1 140,782,140,782,1 607,774,607,774,1 846,670,846,670,1
data\capture-0044.mp4_109.jpg 705,1414,705,1414,1 1258,1174,1258,1174,1 140,784,140,784,1 689,777,689,777,1 846,670,846,670,1
data\capture-0044.mp4_110.jpg 704,1414,704,1414,1 1237,1175,1237,1175,1 139,789,139,789,1 687,776,687,776,1 846,670,846,670,1
data\capture-0044.mp4_111.jpg 704,1414,704,1414,1 1237,1175,1237,1175,1 134,791,134,791,1 690,775,690,775,1 849,670,849,670,1
data\capture-0044.mp4_112.jpg 704,1414,704,1414,1 1237,1174,1237,1174,1 133,793,133,793,1 686,775,686,775,1 847,671,847,671,1
data\capture-0044.mp4_113.jpg 704,1414,704,1414,1 1237,1173,1237,1173,1 131,794,131,794,1 686,775,686,775,1 847,671,847,671,1
data\capture-0044.mp4_114.jpg 704,1414,704,1414,1 1236,1171,1236,1171,1 132,794,132,794,1 685,775,685,775,1 845,672,845,672,1
data\capture-0044.mp4_115.jpg 704,1414,704,1414,1 1243,1171,1243,1171,1 126,796,126,796,1 678,776,678,776,1 864,672,864,672,1
data\capture-0044.mp4_116.jpg 704,1414,704,1414,1 1238,1170,1238,1170,1 119,797,119,797,1 680,776,680,776,1 854,673,854,673,1
data\capture-0044.mp4_117.jpg 704,1414,704,1414,1 1243,1168,1243,1168,1 111,797,111,797,1 669,777,669,777,1 864,673,864,673,1
data\capture-0044.mp4_118.jpg 704,1414,704,1414,1 1244,1164,1244,1164,1 108,797,108,797,1 668,777,668,777,1 870,673,870,673,1
data\capture-0044.mp4_119.jpg 711,1413,711,1413,1 1246,1163,1246,1163,1 108,796,108,796,1 661,778,661,778,1 873,673,873,673,1
data\capture-0044.mp4_120.jpg 708,1413,708,1413,1 1246,1163,1246,1163,1 112,795,112,795,1 658,778,658,778,1 875,673,875,673,1
data\capture-0044.mp4_121.jpg 708,1413,708,1413,1 1247,1162,1247,1162,1 111,794,111,794,1 664,777,664,777,1 878,673,878,673,1
data\capture-0044.mp4_122.jpg 708,1413,708,1413,1 1243,1162,1243,1162,1 112,793,112,793,1 658,777,658,777,1 880,673,880,673,1
data\capture-0044.mp4_123.jpg 706,1413,706,1413,1 1248,1160,1248,1160,1 107,793,107,793,1 661,776,661,776,1 882,673,882,673,1
data\capture-0044.mp4_124.jpg 706,1413,706,1413,1 1244,1161,1244,1161,1 107,792,107,792,1 661,776,661,776,1 890,672,890,672,1
data\capture-0044.mp4_125.jpg 706,1413,706,1413,1 1243,1161,1243,1161,1 109,791,109,791,1 655,777,655,777,1 889,672,889,672,1
data\capture-0044.mp4_126.jpg 706,1413,706,1413,1 1243,1160,1243,1160,1 104,791,104,791,1 659,776,659,776,1 888,672,888,672,1
data\capture-0044.mp4_127.jpg 706,1413,706,1413,1 1242,1158,1242,1158,1 104,791,104,791,1 664,775,664,775,1 888,672,888,672,1
data\capture-0044.mp4_128.jpg 706,1413,706,1413,1 1242,1158,1242,1158,1 104,791,104,791,1 667,775,667,775,1 887,672,887,672,1
data\capture-0055.mp4_1.jpg 739,1632,739,1632,1 781,1236,781,1236,1 372,1027,372,1027,1 1101,722,1101,722,1
data\capture-0055.mp4_2.jpg 739,1633,739,1633,1 781,1236,781,1236,1 371,1033,371,1033,1 1093,723,1093,723,1
data\capture-0055.mp4_3.jpg 739,1633,739,1633,1 781,1236,781,1236,1 371,1040,371,1040,1 1093,723,1093,723,1
data\capture-0055.mp4_4.jpg 739,1633,739,1633,1 781,1236,781,1236,1 371,1040,371,1040,1 1094,723,1094,723,1
data\capture-0055.mp4_5.jpg 739,1633,739,1633,1 781,1236,781,1236,1 371,1040,371,1040,1 1095,723,1095,723,1
data\capture-0055.mp4_6.jpg 739,1633,739,1633,1 781,1236,781,1236,1 371,1040,371,1040,1 1095,723,1095,723,1
data\capture-0055.mp4_7.jpg 739,1633,739,1633,1 781,1236,781,1236,1 371,1040,371,1040,1 1095,723,1095,723,1
data\capture-0055.mp4_8.jpg 739,1633,739,1633,1 781,1236,781,1236,1 371,1034,371,1034,1 1096,723,1096,723,1
data\capture-0055.mp4_9.jpg 739,1633,739,1633,1 781,1235,781,1235,1 371,1034,371,1034,1 1097,723,1097,723,1
data\capture-0055.mp4_10.jpg 739,1633,739,1633,1 781,1236,781,1236,1 370,1041,370,1041,1 1097,723,1097,723,1
data\capture-0055.mp4_11.jpg 739,1633,739,1633,1 781,1236,781,1236,1 370,1041,370,1041,1 1097,723,1097,723,1
data\capture-0055.mp4_12.jpg 739,1633,739,1633,1 781,1235,781,1235,1 370,1041,370,1041,1 1098,723,1098,723,1
data\capture-0055.mp4_13.jpg 739,1633,739,1633,1 781,1235,781,1235,1 370,1041,370,1041,1 1099,723,1099,723,1
data\capture-0055.mp4_14.jpg 739,1633,739,1633,1 781,1236,781,1236,1 370,1042,370,1042,1 1100,723,1100,723,1
data\capture-0055.mp4_15.jpg 739,1633,739,1633,1 781,1236,781,1236,1 370,1042,370,1042,1 1100,723,1100,723,1
data\capture-0055.mp4_16.jpg 739,1633,739,1633,1 781,1236,781,1236,1 370,1042,370,1042,1 1100,723,1100,723,1
data\capture-0055.mp4_17.jpg 739,1633,739,1633,1 781,1236,781,1236,1 370,1042,370,1042,1 1100,723,1100,723,1
data\capture-0055.mp4_18.jpg 739,1633,739,1633,1 781,1236,781,1236,1 370,1042,370,1042,1 1100,723,1100,723,1
data\capture-0055.mp4_19.jpg 739,1633,739,1633,1 781,1236,781,1236,1 370,1042,370,1042,1 1100,723,1100,723,1
data\capture-0055.mp4_20.jpg 739,1633,739,1633,1 781,1235,781,1235,1 370,1042,370,1042,1 1091,724,1091,724,1
data\capture-0055.mp4_21.jpg 739,1633,739,1633,1 781,1236,781,1236,1 370,1042,370,1042,1 1091,724,1091,724,1
data\capture-0055.mp4_22.jpg 739,1633,739,1633,1 781,1236,781,1236,1 332,1060,332,1060,1 1091,724,1091,724,1
data\capture-0055.mp4_23.jpg 739,1633,739,1633,1 781,1236,781,1236,1 332,1060,332,1060,1 1091,724,1091,724,1
data\capture-0055.mp4_24.jpg 739,1633,739,1633,1 781,1236,781,1236,1 332,1060,332,1060,1 1091,724,1091,724,1
data\capture-0055.mp4_25.jpg 739,1633,739,1633,1 781,1236,781,1236,1 332,1060,332,1060,1 1091,724,1091,724,1
data\capture-0055.mp4_26.jpg 739,1633,739,1633,1 781,1236,781,1236,1 370,1042,370,1042,1 1093,724,1093,724,1
data\capture-0055.mp4_27.jpg 739,1633,739,1633,1 781,1236,781,1236,1 370,1042,370,1042,1 1094,724,1094,724,1
data\capture-0055.mp4_28.jpg 739,1633,739,1633,1 781,1236,781,1236,1 370,1042,370,1042,1 1092,724,1092,724,1
data\capture-0055.mp4_29.jpg 739,1633,739,1633,1 781,1236,781,1236,1 370,1042,370,1042,1 1091,724,1091,724,1
data\capture-0055.mp4_30.jpg 739,1633,739,1633,1 781,1236,781,1236,1 370,1042,370,1042,1 1095,724,1095,724,1
data\capture-0055.mp4_31.jpg 739,1633,739,1633,1 781,1236,781,1236,1 370,1042,370,1042,1 1095,724,1095,724,1
data\capture-0055.mp4_32.jpg 739,1633,739,1633,1 781,1236,781,1236,1 370,1042,370,1042,1 1092,724,1092,724,1
data\capture-0055.mp4_33.jpg 739,1633,739,1633,1 781,1236,781,1236,1 370,1042,370,1042,1 1091,724,1091,724,1
data\capture-0055.mp4_34.jpg 739,1633,739,1633,1 781,1236,781,1236,1 370,1042,370,1042,1 1092,724,1092,724,1
data\capture-0055.mp4_35.jpg 739,1633,739,1633,1 781,1236,781,1236,1 370,1042,370,1042,1 1096,724,1096,724,1
data\capture-0055.mp4_36.jpg 739,1633,739,1633,1 781,1236,781,1236,1 370,1042,370,1042,1 1096,724,1096,724,1
data\capture-0055.mp4_37.jpg 739,1632,739,1632,1 781,1236,781,1236,1 370,1042,370,1042,1 1095,724,1095,724,1
data\capture-0055.mp4_38.jpg 739,1632,739,1632,1 781,1236,781,1236,1 370,1042,370,1042,1 1094,724,1094,724,1
data\capture-0055.mp4_39.jpg 739,1632,739,1632,1 781,1236,781,1236,1 370,1042,370,1042,1 1095,724,1095,724,1
data\capture-0055.mp4_40.jpg 739,1633,739,1633,1 781,1236,781,1236,1 370,1042,370,1042,1 1099,724,1099,724,1
data\capture-0055.mp4_41.jpg 739,1633,739,1633,1 781,1236,781,1236,1 370,1042,370,1042,1 1100,724,1100,724,1
data\capture-0055.mp4_42.jpg 739,1633,739,1633,1 781,1236,781,1236,1 370,1042,370,1042,1 1084,723,1084,723,1
data\capture-0055.mp4_43.jpg 739,1633,739,1633,1 781,1236,781,1236,1 370,1042,370,1042,1 1084,724,1084,724,1
data\capture-0055.mp4_44.jpg 739,1633,739,1633,1 781,1236,781,1236,1 370,1042,370,1042,1 1084,724,1084,724,1
data\capture-0055.mp4_45.jpg 739,1632,739,1632,1 781,1236,781,1236,1 370,1042,370,1042,1 1085,724,1085,724,1
data\capture-0055.mp4_46.jpg 739,1632,739,1632,1 781,1236,781,1236,1 370,1042,370,1042,1 1084,723,1084,723,1
data\capture-0055.mp4_47.jpg 739,1632,739,1632,1 781,1235,781,1235,1 370,1042,370,1042,1 1090,724,1090,724,1
data\capture-0055.mp4_48.jpg 739,1632,739,1632,1 781,1235,781,1235,1 370,1042,370,1042,1 1090,724,1090,724,1
data\capture-0055.mp4_49.jpg 739,1632,739,1632,1 781,1235,781,1235,1 370,1042,370,1042,1 1090,724,1090,724,1
data\capture-0055.mp4_50.jpg 739,1632,739,1632,1 784,1235,784,1235,1 370,1041,370,1041,1 1092,724,1092,724,1
data\capture-0055.mp4_51.jpg 739,1632,739,1632,1 784,1235,784,1235,1 370,1041,370,1041,1 1090,724,1090,724,1
data\capture-0055.mp4_52.jpg 739,1632,739,1632,1 784,1235,784,1235,1 370,1041,370,1041,1 1090,724,1090,724,1
data\capture-0055.mp4_53.jpg 739,1632,739,1632,1 784,1235,784,1235,1 370,1041,370,1041,1 1091,725,1091,725,1
data\capture-0055.mp4_54.jpg 739,1632,739,1632,1 781,1236,781,1236,1 370,1041,370,1041,1 1098,725,1098,725,1
data\capture-0055.mp4_55.jpg 739,1632,739,1632,1 781,1236,781,1236,1 354,1049,354,1049,1 1088,725,1088,725,1
data\capture-0055.mp4_56.jpg 739,1632,739,1632,1 781,1236,781,1236,1 353,1049,353,1049,1 1099,725,1099,725,1
data\capture-0055.mp4_57.jpg 739,1632,739,1632,1 781,1236,781,1236,1 353,1049,353,1049,1 1099,725,1099,725,1
data\capture-0055.mp4_58.jpg 739,1632,739,1632,1 781,1236,781,1236,1 353,1049,353,1049,1 1101,725,1101,725,1
data\capture-0055.mp4_59.jpg 739,1632,739,1632,1 781,1236,781,1236,1 353,1049,353,1049,1 1103,725,1103,725,1
data\capture-0055.mp4_60.jpg 739,1632,739,1632,1 781,1236,781,1236,1 352,1049,352,1049,1 1098,726,1098,726,1
data\capture-0055.mp4_61.jpg 739,1632,739,1632,1 781,1236,781,1236,1 351,1049,351,1049,1 1095,722,1095,722,1
data\capture-0055.mp4_62.jpg 739,1632,739,1632,1 781,1236,781,1236,1 351,1049,351,1049,1 1093,724,1093,724,1
data\capture-0055.mp4_63.jpg 739,1632,739,1632,1 781,1236,781,1236,1 351,1049,351,1049,1 1093,723,1093,723,1
data\capture-0055.mp4_64.jpg 739,1632,739,1632,1 781,1236,781,1236,1 351,1049,351,1049,1 1092,724,1092,724,1
data\capture-0055.mp4_65.jpg 739,1632,739,1632,1 781,1236,781,1236,1 352,1049,352,1049,1 1092,724,1092,724,1
data\capture-0055.mp4_66.jpg 739,1632,739,1632,1 781,1236,781,1236,1 359,1049,359,1049,1 1098,725,1098,725,1
data\capture-0055.mp4_67.jpg 739,1632,739,1632,1 784,1235,784,1235,1 370,1042,370,1042,1 1102,725,1102,725,1
data\capture-0055.mp4_68.jpg 739,1632,739,1632,1 784,1235,784,1235,1 370,1042,370,1042,1 1095,725,1095,725,1
data\capture-0055.mp4_69.jpg 739,1632,739,1632,1 784,1235,784,1235,1 370,1042,370,1042,1 1096,725,1096,725,1
data\capture-0055.mp4_70.jpg 739,1632,739,1632,1 781,1235,781,1235,1 370,1042,370,1042,1 1098,724,1098,724,1
data\capture-0055.mp4_71.jpg 739,1632,739,1632,1 781,1235,781,1235,1 370,1042,370,1042,1 1099,721,1099,721,1
data\capture-0055.mp4_72.jpg 739,1632,739,1632,1 781,1235,781,1235,1 370,1042,370,1042,1 1100,719,1100,719,1
data\capture-0055.mp4_73.jpg 739,1632,739,1632,1 781,1235,781,1235,1 370,1042,370,1042,1 1098,717,1098,717,1
data\capture-0055.mp4_74.jpg 739,1632,739,1632,1 781,1235,781,1235,1 370,1042,370,1042,1 1100,717,1100,717,1
data\capture-0055.mp4_75.jpg 739,1632,739,1632,1 781,1235,781,1235,1 360,1042,360,1042,1 1103,716,1103,716,1
data\capture-0055.mp4_76.jpg 739,1632,739,1632,1 781,1235,781,1235,1 360,1038,360,1038,1 1104,714,1104,714,1
data\capture-0055.mp4_77.jpg 739,1632,739,1632,1 781,1235,781,1235,1 361,1037,361,1037,1 1101,711,1101,711,1
data\capture-0055.mp4_78.jpg 739,1632,739,1632,1 781,1235,781,1235,1 360,1038,360,1038,1 1098,711,1098,711,1
data\capture-0055.mp4_79.jpg 739,1632,739,1632,1 781,1235,781,1235,1 361,1044,361,1044,1 1094,712,1094,712,1
data\capture-0055.mp4_80.jpg 739,1632,739,1632,1 781,1235,781,1235,1 361,1046,361,1046,1 1096,711,1096,711,1
data\capture-0055.mp4_81.jpg 739,1632,739,1632,1 781,1235,781,1235,1 361,1047,361,1047,1 1100,711,1100,711,1
data\capture-0055.mp4_82.jpg 739,1632,739,1632,1 781,1235,781,1235,1 359,1048,359,1048,1 1105,712,1105,712,1
data\capture-0055.mp4_83.jpg 739,1632,739,1632,1 781,1235,781,1235,1 357,1049,357,1049,1 1103,708,1103,708,1
data\capture-0055.mp4_84.jpg 739,1632,739,1632,1 781,1235,781,1235,1 360,1049,360,1049,1 1100,708,1100,708,1
data\capture-0055.mp4_85.jpg 739,1632,739,1632,1 781,1235,781,1235,1 355,1049,355,1049,1 1096,709,1096,709,1
data\capture-0055.mp4_86.jpg 739,1632,739,1632,1 781,1235,781,1235,1 354,1049,354,1049,1 1094,709,1094,709,1
data\capture-0055.mp4_87.jpg 739,1632,739,1632,1 781,1235,781,1235,1 354,1049,354,1049,1 1096,708,1096,708,1
data\capture-0055.mp4_88.jpg 739,1632,739,1632,1 781,1235,781,1235,1 354,1049,354,1049,1 1097,712,1097,712,1
data\capture-0055.mp4_89.jpg 739,1632,739,1632,1 781,1235,781,1235,1 355,1049,355,1049,1 1099,716,1099,716,1
data\capture-0055.mp4_90.jpg 739,1632,739,1632,1 781,1235,781,1235,1 357,1049,357,1049,1 1098,719,1098,719,1
data\capture-0055.mp4_91.jpg 739,1632,739,1632,1 781,1235,781,1235,1 357,1049,357,1049,1 1102,722,1102,722,1
data\capture-0055.mp4_92.jpg 739,1632,739,1632,1 781,1235,781,1235,1 356,1049,356,1049,1 1100,724,1100,724,1
data\capture-0055.mp4_93.jpg 739,1632,739,1632,1 784,1235,784,1235,1 356,1049,356,1049,1 1101,725,1101,725,1
data\capture-0055.mp4_94.jpg 739,1632,739,1632,1 784,1235,784,1235,1 356,1049,356,1049,1 1103,727,1103,727,1
data\capture-0055.mp4_95.jpg 739,1632,739,1632,1 781,1235,781,1235,1 357,1049,357,1049,1 1110,727,1110,727,1
data\capture-0055.mp4_96.jpg 739,1632,739,1632,1 784,1235,784,1235,1 365,1047,365,1047,1 1111,728,1111,728,1
data\capture-0055.mp4_97.jpg 739,1632,739,1632,1 781,1235,781,1235,1 360,1047,360,1047,1 1112,728,1112,728,1
data\capture-0055.mp4_98.jpg 739,1632,739,1632,1 784,1235,784,1235,1 362,1044,362,1044,1 1110,726,1110,726,1
data\capture-0055.mp4_99.jpg 739,1632,739,1632,1 784,1235,784,1235,1 360,1041,360,1041,1 1110,726,1110,726,1
data\capture-0055.mp4_100.jpg 739,1632,739,1632,1 784,1235,784,1235,1 360,1039,360,1039,1 1115,727,1115,727,1
data\capture-0055.mp4_101.jpg 739,1632,739,1632,1 781,1235,781,1235,1 360,1040,360,1040,1 1116,728,1116,728,1
data\capture-0056.mp4_1.jpg 739,1632,739,1632,1 781,1235,781,1235,1 527,886,527,886,1 975,716,975,716,1
data\capture-0056.mp4_2.jpg 739,1632,739,1632,1 781,1235,781,1235,1 537,874,537,874,1 909,715,909,715,1
data\capture-0056.mp4_3.jpg 739,1632,739,1632,1 781,1235,781,1235,1 545,861,545,861,1 906,714,906,714,1
data\capture-0056.mp4_4.jpg 739,1632,739,1632,1 781,1235,781,1235,1 540,850,540,850,1 905,715,905,715,1
data\capture-0056.mp4_5.jpg 739,1632,739,1632,1 781,1235,781,1235,1 533,844,533,844,1 872,712,872,712,1
data\capture-0056.mp4_6.jpg 739,1632,739,1632,1 781,1235,781,1235,1 518,833,518,833,1 870,700,870,700,1
data\capture-0056.mp4_7.jpg 739,1632,739,1632,1 781,1235,781,1235,1 526,818,526,818,1 866,685,866,685,1
data\capture-0056.mp4_8.jpg 739,1631,739,1631,1 781,1235,781,1235,1 536,810,536,810,1 852,682,852,682,1
data\capture-0056.mp4_9.jpg 739,1631,739,1631,1 781,1235,781,1235,1 545,804,545,804,1 856,680,856,680,1
data\capture-0056.mp4_10.jpg 739,1630,739,1630,1 781,1235,781,1235,1 544,792,544,792,1 853,681,853,681,1
data\capture-0056.mp4_11.jpg 739,1630,739,1630,1 781,1235,781,1235,1 533,783,533,783,1 853,682,853,682,1
data\capture-0056.mp4_12.jpg 739,1630,739,1630,1 781,1235,781,1235,1 529,770,529,770,1 812,672,812,672,1
data\capture-0056.mp4_13.jpg 739,1630,739,1630,1 781,1235,781,1235,1 538,760,538,760,1 805,662,805,662,1
data\capture-0056.mp4_14.jpg 739,1631,739,1631,1 781,1235,781,1235,1 539,760,539,760,1 801,664,801,664,1
data\capture-0056.mp4_15.jpg 739,1630,739,1630,1 781,1235,781,1235,1 541,761,541,761,1 803,664,803,664,1
data\capture-0056.mp4_16.jpg 739,1631,739,1631,1 781,1235,781,1235,1 565,752,565,752,1 803,664,803,664,1
data\capture-0056.mp4_17.jpg 739,1631,739,1631,1 781,1235,781,1235,1 556,745,556,745,1 805,664,805,664,1
data\capture-0056.mp4_18.jpg 739,1631,739,1631,1 781,1235,781,1235,1 546,744,546,744,1 812,665,812,665,1
data\capture-0056.mp4_19.jpg 739,1632,739,1632,1 781,1235,781,1235,1 534,742,534,742,1 813,666,813,666,1
data\capture-0056.mp4_20.jpg 739,1632,739,1632,1 781,1236,781,1236,1 529,740,529,740,1 817,667,817,667,1
data\capture-0056.mp4_21.jpg 739,1632,739,1632,1 781,1236,781,1236,1 525,733,525,733,1 824,668,824,668,1
data\capture-0056.mp4_22.jpg 739,1632,739,1632,1 781,1236,781,1236,1 529,723,529,723,1 826,670,826,670,1
data\capture-0056.mp4_23.jpg 742,1632,742,1632,1 781,1236,781,1236,1 538,716,538,716,1 828,672,828,672,1
data\capture-0056.mp4_24.jpg 742,1633,742,1633,1 781,1236,781,1236,1 544,708,544,708,1 831,673,831,673,1
data\capture-0056.mp4_25.jpg 742,1633,742,1633,1 781,1236,781,1236,1 540,699,540,699,1 827,677,827,677,1
data\capture-0056.mp4_26.jpg 742,1633,742,1633,1 781,1236,781,1236,1 532,693,532,693,1 772,679,772,679,1
data\capture-0056.mp4_27.jpg 742,1633,742,1633,1 781,1235,781,1235,1 522,689,522,689,1 774,678,774,678,1
data\capture-0056.mp4_28.jpg 742,1634,742,1634,1 781,1235,781,1235,1 516,687,516,687,1 777,678,777,678,1
data\capture-0056.mp4_29.jpg 742,1634,742,1634,1 781,1235,781,1235,1 520,690,520,690,1 780,678,780,678,1
data\capture-0056.mp4_30.jpg 742,1633,742,1633,1 781,1235,781,1235,1 527,693,527,693,1 781,678,781,678,1
data\capture-0056.mp4_31.jpg 742,1633,742,1633,1 781,1236,781,1236,1 776,682,776,682,1 493,682,493,682,1
data\capture-0056.mp4_32.jpg 739,1632,739,1632,1 781,1236,781,1236,1 774,689,774,689,1 496,668,496,668,1
data\capture-0056.mp4_33.jpg 742,1633,742,1633,1 781,1236,781,1236,1 774,701,774,701,1 488,664,488,664,1
data\capture-0056.mp4_34.jpg 742,1632,742,1632,1 781,1235,781,1235,1 729,704,729,704,1 486,667,486,667,1
data\capture-0056.mp4_35.jpg 739,1632,739,1632,1 781,1235,781,1235,1 727,704,727,704,1 488,671,488,671,1
data\capture-0056.mp4_36.jpg 739,1632,739,1632,1 781,1235,781,1235,1 729,704,729,704,1 482,672,482,672,1
data\capture-0056.mp4_37.jpg 739,1632,739,1632,1 781,1235,781,1235,1 734,704,734,704,1 480,674,480,674,1
data\capture-0056.mp4_38.jpg 739,1634,739,1634,1 781,1235,781,1235,1 733,704,733,704,1 481,674,481,674,1
data\capture-0056.mp4_39.jpg 739,1634,739,1634,1 781,1235,781,1235,1 730,706,730,706,1 487,673,487,673,1
data\capture-0056.mp4_40.jpg 738,1634,738,1634,1 781,1235,781,1235,1 727,710,727,710,1 481,665,481,665,1
data\capture-0056.mp4_41.jpg 738,1634,738,1634,1 781,1235,781,1235,1 724,717,724,717,1 495,672,495,672,1
data\capture-0056.mp4_42.jpg 738,1634,738,1634,1 781,1235,781,1235,1 723,725,723,725,1 506,672,506,672,1
data\capture-0056.mp4_43.jpg 738,1634,738,1634,1 781,1235,781,1235,1 671,730,671,730,1 506,671,506,671,1
data\capture-0056.mp4_44.jpg 742,1636,742,1636,1 781,1235,781,1235,1 675,729,675,729,1 507,670,507,670,1
data\capture-0056.mp4_45.jpg 743,1636,743,1636,1 781,1235,781,1235,1 676,730,676,730,1 507,670,507,670,1
data\capture-0056.mp4_46.jpg 743,1636,743,1636,1 781,1235,781,1235,1 678,730,678,730,1 507,670,507,670,1
data\capture-0056.mp4_47.jpg 743,1635,743,1635,1 781,1235,781,1235,1 679,731,679,731,1 512,669,512,669,1
data\capture-0056.mp4_48.jpg 743,1635,743,1635,1 781,1235,781,1235,1 683,732,683,732,1 507,669,507,669,1
data\capture-0056.mp4_49.jpg 739,1631,739,1631,1 781,1235,781,1235,1 680,734,680,734,1 504,669,504,669,1
data\capture-0056.mp4_50.jpg 739,1631,739,1631,1 781,1235,781,1235,1 676,739,676,739,1 506,669,506,669,1
data\capture-0056.mp4_51.jpg 739,1632,739,1632,1 781,1235,781,1235,1 672,747,672,747,1 505,670,505,670,1
data\capture-0056.mp4_52.jpg 742,1633,742,1633,1 781,1235,781,1235,1 667,756,667,756,1 505,671,505,671,1
data\capture-0056.mp4_53.jpg 738,1634,738,1634,1 781,1235,781,1235,1 651,762,651,762,1 502,672,502,672,1
data\capture-0056.mp4_54.jpg 738,1634,738,1634,1 781,1235,781,1235,1 643,765,643,765,1 501,673,501,673,1
data\capture-0056.mp4_55.jpg 738,1634,738,1634,1 781,1235,781,1235,1 638,767,638,767,1 495,675,495,675,1
data\capture-0056.mp4_56.jpg 738,1635,738,1635,1 781,1235,781,1235,1 633,772,633,772,1 498,676,498,676,1
data\capture-0056.mp4_57.jpg 738,1634,738,1634,1 781,1235,781,1235,1 628,781,628,781,1 506,680,506,680,1
data\capture-0056.mp4_58.jpg 739,1631,739,1631,1 781,1235,781,1235,1 628,789,628,789,1 524,680,524,680,1
data\capture-0056.mp4_59.jpg 739,1631,739,1631,1 781,1235,781,1235,1 630,792,630,792,1 528,678,528,678,1
data\capture-0056.mp4_60.jpg 739,1632,739,1632,1 781,1235,781,1235,1 638,801,638,801,1 530,678,530,678,1
data\capture-0056.mp4_61.jpg 741,1631,741,1631,1 781,1235,781,1235,1 638,812,638,812,1 534,680,534,680,1
data\capture-0056.mp4_62.jpg 739,1632,739,1632,1 781,1236,781,1236,1 637,816,637,816,1 540,684,540,684,1
data\capture-0056.mp4_63.jpg 741,1632,741,1632,1 781,1236,781,1236,1 634,820,634,820,1 542,690,542,690,1
data\capture-0056.mp4_64.jpg 741,1632,741,1632,1 781,1236,781,1236,1 634,821,634,821,1 542,695,542,695,1
data\capture-0056.mp4_65.jpg 738,1634,738,1634,1 781,1236,781,1236,1 631,823,631,823,1 543,699,543,699,1
data\capture-0056.mp4_66.jpg 739,1630,739,1630,1 781,1236,781,1236,1 609,841,609,841,1 543,704,543,704,1
data\capture-0056.mp4_67.jpg 739,1631,739,1631,1 781,1236,781,1236,1 610,847,610,847,1 547,711,547,711,1
data\capture-0056.mp4_68.jpg 738,1634,738,1634,1 781,1236,781,1236,1 612,852,612,852,1 554,716,554,716,1
data\capture-0056.mp4_69.jpg 738,1634,738,1634,1 781,1235,781,1235,1 614,855,614,855,1 560,719,560,719,1
data\capture-0056.mp4_70.jpg 738,1635,738,1635,1 781,1235,781,1235,1 617,859,617,859,1 562,724,562,724,1
data\capture-0056.mp4_71.jpg 743,1635,743,1635,1 781,1235,781,1235,1 623,872,623,872,1 563,732,563,732,1
data\capture-0056.mp4_72.jpg 738,1635,738,1635,1 781,1235,781,1235,1 620,878,620,878,1 562,739,562,739,1
data\capture-0056.mp4_73.jpg 738,1635,738,1635,1 781,1235,781,1235,1 614,882,614,882,1 561,744,561,744,1
data\capture-0056.mp4_74.jpg 738,1635,738,1635,1 781,1235,781,1235,1 614,883,614,883,1 556,752,556,752,1
data\capture-0056.mp4_75.jpg 738,1635,738,1635,1 781,1235,781,1235,1 603,898,603,898,1 554,763,554,763,1
data\capture-0056.mp4_76.jpg 738,1635,738,1635,1 781,1235,781,1235,1 605,904,605,904,1 557,772,557,772,1
data\capture-0056.mp4_77.jpg 738,1635,738,1635,1 781,1235,781,1235,1 608,906,608,906,1 564,778,564,778,1
data\capture-0056.mp4_78.jpg 738,1635,738,1635,1 781,1235,781,1235,1 609,907,609,907,1 568,782,568,782,1
data\capture-0056.mp4_79.jpg 738,1635,738,1635,1 781,1235,781,1235,1 619,922,619,922,1 572,790,572,790,1
data\capture-0056.mp4_80.jpg 738,1635,738,1635,1 781,1235,781,1235,1 614,930,614,930,1 572,800,572,800,1
data\capture-0056.mp4_81.jpg 738,1635,738,1635,1 781,1235,781,1235,1 613,933,613,933,1 569,807,569,807,1
data\capture-0056.mp4_82.jpg 743,1637,743,1637,1 781,1235,781,1235,1 608,942,608,942,1 563,814,563,814,1
data\capture-0056.mp4_83.jpg 743,1637,743,1637,1 781,1235,781,1235,1 604,952,604,952,1 558,820,558,820,1
data\capture-0056.mp4_84.jpg 737,1638,737,1638,1 781,1235,781,1235,1 608,959,608,959,1 554,827,554,827,1
data\capture-0056.mp4_85.jpg 737,1638,737,1638,1 781,1235,781,1235,1 613,964,613,964,1 553,833,553,833,1
data\capture-0056.mp4_86.jpg 737,1638,737,1638,1 781,1235,781,1235,1 618,972,618,972,1 553,840,553,840,1
data\capture-0056.mp4_87.jpg 738,1635,738,1635,1 781,1235,781,1235,1 618,980,618,980,1 555,845,555,845,1
data\capture-0056.mp4_88.jpg 738,1635,738,1635,1 781,1235,781,1235,1 621,984,621,984,1 558,848,558,848,1
data\capture-0056.mp4_89.jpg 738,1635,738,1635,1 781,1235,781,1235,1 621,985,621,985,1 556,852,556,852,1
data\capture-0056.mp4_90.jpg 741,1635,741,1635,1 781,1235,781,1235,1 613,993,613,993,1 558,855,558,855,1
data\capture-0056.mp4_91.jpg 742,1635,742,1635,1 781,1235,781,1235,1 608,994,608,994,1 559,857,559,857,1
data\capture-0056.mp4_92.jpg 738,1635,738,1635,1 781,1235,781,1235,1 598,1006,598,1006,1 560,860,560,860,1
data\capture-0056.mp4_93.jpg 738,1634,738,1634,1 781,1235,781,1235,1 600,1014,600,1014,1 565,862,565,862,1
data\capture-0056.mp4_94.jpg 738,1635,738,1635,1 781,1235,781,1235,1 603,1019,603,1019,1 564,864,564,864,1
data\capture-0056.mp4_95.jpg 738,1635,738,1635,1 781,1235,781,1235,1 608,1024,608,1024,1 564,866,564,866,1
data\capture-0056.mp4_96.jpg 738,1635,738,1635,1 781,1235,781,1235,1 610,1026,610,1026,1 561,868,561,868,1
data\capture-0056.mp4_97.jpg 741,1633,741,1633,1 781,1235,781,1235,1 612,1038,612,1038,1 561,868,561,868,1
data\capture-0056.mp4_98.jpg 741,1632,741,1632,1 781,1235,781,1235,1 615,1042,615,1042,1 561,868,561,868,1
data\capture-0056.mp4_99.jpg 740,1632,740,1632,1 781,1235,781,1235,1 608,1046,608,1046,1 562,869,562,869,1
data\capture-0056.mp4_100.jpg 739,1633,739,1633,1 781,1235,781,1235,1 605,1050,605,1050,1 560,871,560,871,1
data\capture-0056.mp4_101.jpg 739,1633,739,1633,1 781,1235,781,1235,1 606,1053,606,1053,1 560,871,560,871,1
